#! FIELDS time phiA2 sigma_phiA2 height biasf
#! SET multivariate false
#! SET min_phiA2 -pi
#! SET max_phiA2 pi
      1.000000047497451      -1.52159942307201                   0.25     0.3174603174603174                     10
      1.000000047497451     -2.546361360549646                   0.25     0.3174603174603174                     10
      1.000000047497451     -2.903892174796726                   0.25     0.3174603174603174                     10
      1.000000047497451     -1.426036077200072                   0.25     0.3174603174603174                     10
      1.000000047497451     -1.178606922010905                   0.25     0.3174603174603174                     10
      1.000000047497451     -1.531671783230079                   0.25     0.3174603174603174                     10
      1.000000047497451     -1.426282132583373                   0.25     0.3174603174603174                     10
      1.000000047497451     -1.887414554508349                   0.25     0.3174603174603174                     10
      2.000000094994903      -1.69199975789948                   0.25     0.2710097678647209                     10
      2.000000094994903     -2.532367941135417                   0.25     0.3304488070037026                     10
      2.000000094994903     -2.586502836488422                   0.25     0.3161518582335896                     10
      2.000000094994903     -1.357326014159436                   0.25     0.2092039802590416                     10
      2.000000094994903     -1.166856124732585                   0.25     0.2664775621570715                     10
      2.000000094994903     -1.941044900696553                   0.25     0.3136972254071089                     10
      2.000000094994903     -1.480912595490989                   0.25     0.2281930126090339                     10
      2.000000094994903     -1.584503665105379                   0.25     0.2523153405778109                     10
      3.000000142492354     -1.066309858939442                   0.25     0.3309634627717293                     10
      3.000000142492354     -2.049623683270279                   0.25     0.2933718445630678                     10
      3.000000142492354     -2.662681806621249                   0.25     0.3068314723826723                     10
      3.000000142492354      -1.23870740819132                   0.25     0.1974580530878849                     10
      3.000000142492354     -1.401404571564797                   0.25     0.1607855937049046                     10
      3.000000142492354     -1.138160210809016                   0.25     0.2735785354944987                     10
      3.000000142492354     -1.323198512933544                   0.25     0.2150283415259765                     10
      3.000000142492354     -1.929117416037602                   0.25     0.2883487489615547                     10
      4.000000189989805     -1.473424110577588                   0.25     0.1918343416957685                     10
      4.000000189989805     -2.402341954326601                   0.25     0.3462088769443376                     10
      4.000000189989805     -2.029044395446678                   0.25     0.2947558208640664                     10
      4.000000189989805     -1.270930893780087                   0.25      0.130401805859821                     10
      4.000000189989805     -0.957704404277484                   0.25     0.2552848494886364                     10
      4.000000189989805     -1.536221323975998                   0.25     0.1947485670279182                     10
      4.000000189989805     -1.498771601702692                   0.25     0.1781913500965848                     10
      4.000000189989805     -2.090381109079947                   0.25     0.3281729345626709                     10
      5.000000237487257      -1.16284316313627                   0.25     0.2162702444213362                     10
      5.000000237487257     -1.760957899298396                   0.25      0.166447660326629                     10
      5.000000237487257     -2.277424628148916                   0.25     0.2852770674295584                     10
      5.000000237487257     -1.302897647168677                   0.25     0.1227780505070432                     10
      5.000000237487257     -1.100344247725221                   0.25     0.2157382152994735                     10
      5.000000237487257     -2.608607328402718                   0.25     0.2818787075694065                     10
      5.000000237487257    -0.9080776340876837                   0.25      0.359502593792032                     10
      5.000000237487257      -1.53557104546411                   0.25     0.1646816104512379                     10
      6.000000284984708     -1.338839553187884                   0.25     0.1381505042424257                     10
      6.000000284984708     -1.425550345888395                   0.25      0.117708556262325                     10
      6.000000284984708     -2.288303965141435                   0.25     0.2483978013387126                     10
      6.000000284984708     -1.293955033259074                   0.25    0.09157432999214139                     10
      6.000000284984708     -1.264044736199608                   0.25     0.1197419770368582                     10
      6.000000284984708     -1.524649008804496                   0.25     0.1412546574032758                     10
      6.000000284984708     -1.174424748346317                   0.25      0.143105862523375                     10
      6.000000284984708       -1.6014307817855                   0.25     0.1694020257391413                     10
      7.000000332482159     -1.590101335305365                   0.25     0.1872165020853912                     10
      7.000000332482159     -2.182179265079828                   0.25     0.2827528456917922                     10
      7.000000332482159     -2.573676779875253                   0.25     0.2748232532010055                     10
      7.000000332482159     -1.828597871555634                   0.25     0.1595760900749525                     10
      7.000000332482159     -1.212422678321638                   0.25     0.1266128589135122                     10
      7.000000332482159     -1.159581474252764                   0.25     0.1827171115253967                     10
      7.000000332482159      -1.15696715196414                   0.25     0.1339580058694687                     10
      7.000000332482159     -1.146952495129824                   0.25     0.1379292886646372                     10
       8.00000037997961     -1.045059194053237                   0.25     0.2433487335324766                     10
       8.00000037997961     -1.619759690909475                   0.25     0.1557157559836158                     10
       8.00000037997961     -1.500300851146713                   0.25    0.07320578849776421                     10
       8.00000037997961     -1.663251785050037                   0.25     0.1261539361725194                     10
       8.00000037997961       -1.3264129084937                   0.25    0.07029819086050772                     10
       8.00000037997961     -1.629085438184817                   0.25     0.1386788484307467                     10
       8.00000037997961      -1.16452060645066                   0.25     0.1296992372138251                     10
       8.00000037997961     -1.296153658327151                   0.25      0.107030589839432                     10
      9.000000427477062     -1.016739226540953                   0.25     0.2654292863247652                     10
      9.000000427477062     -2.454233385003868                   0.25     0.3011021179476526                     10
      9.000000427477062     -1.218027358274591                   0.25     0.1018969062296412                     10
      9.000000427477062     -1.717485324393478                   0.25    0.09755263335092025                     10
      9.000000427477062     -1.068528106085661                   0.25      0.129905993488105                     10
      9.000000427477062     -1.647705176938996                   0.25     0.1685633081993518                     10
      9.000000427477062     -1.641113019859729                   0.25     0.1310510030120118                     10
      9.000000427477062     -1.478218687766329                   0.25     0.1217404522266446                     10
      10.00000047497451     -1.129191007747314                   0.25     0.1230652814332187                     10
      10.00000047497451     -2.015357540095375                   0.25     0.2680540005814839                     10
      10.00000047497451     -1.258297491590677                   0.25     0.1119499310143201                     10
      10.00000047497451     -1.489441301989509                   0.25    0.06176659627130016                     10
      10.00000047497451     -1.205165788096425                   0.25     0.0984107745038363                     10
      10.00000047497451       -1.5250114514991                   0.25    0.09185081524094429                     10
      10.00000047497451     -2.237516173136219                   0.25      0.231545622644583                     10
      10.00000047497451     -1.334856384531314                   0.25     0.1105123716818171                     10
      11.00000052247196     -1.125074661760963                   0.25     0.1105273185111085                     10
      11.00000052247196     -2.471412618149671                   0.25     0.2472925073474454                     10
      11.00000052247196     -1.718505498489253                   0.25     0.1464763933274485                     10
      11.00000052247196     -1.508603224142802                   0.25    0.05459268301358772                     10
      11.00000052247196     -1.667456507765847                   0.25    0.08135393180568787                     10
      11.00000052247196     -1.812205923578241                   0.25     0.1800069994437194                     10
      11.00000052247196     -2.700766725355716                   0.25     0.4296385649262842                     10
      11.00000052247196     -1.225804338910621                   0.25     0.1029729642774774                     10
      12.00000056996942     -1.008019601656791                   0.25     0.2567294134794751                     10
      12.00000056996942     -2.318443012786958                   0.25     0.3119845351897337                     10
      12.00000056996942     -1.125447708415836                   0.25     0.1368761906067334                     10
      12.00000056996942     -1.322773465109488                   0.25    0.05325201271002664                     10
      12.00000056996942    -0.9834555645036347                   0.25      0.214014446107665                     10
      12.00000056996942     -2.347411755099389                   0.25     0.2948620839940848                     10
      12.00000056996942     -2.311600029597634                   0.25     0.2038734127356449                     10
      12.00000056996942     -1.201719011940613                   0.25     0.1374480399526187                     10
      13.00000061746687     -1.245760791093744                   0.25    0.07538352089834159                     10
      13.00000061746687     -2.100707918044687                   0.25       0.17459528755107                     10
      13.00000061746687     -1.271289567537432                   0.25    0.07346330225876115                     10
      13.00000061746687     -1.761307571418644                   0.25     0.1240622281887841                     10
      13.00000061746687     -1.361319348944198                   0.25    0.03422866388792994                     10
      13.00000061746687     -2.374427454419294                   0.25     0.2552420098032757                     10
      13.00000061746687     -1.660338560029754                   0.25     0.1136409639658265                     10
      13.00000061746687     -1.125667772900173                   0.25    0.07517099350598906                     10
      14.00000066496432     -1.346644197776676                   0.25    0.09235428929999748                     10
      14.00000066496432      -2.27308590918332                   0.25       0.20548191817633                     10
      14.00000066496432     -1.848173737276249                   0.25     0.1286848657119651                     10
      14.00000066496432     -1.634935588735105                   0.25    0.09112376254246496                     10
      14.00000066496432     -1.742937786250678                   0.25     0.0829654657883719                     10
      14.00000066496432     -2.082182447511355                   0.25     0.2902288512297092                     10
      14.00000066496432     -2.540545744462947                   0.25     0.1849552930714459                     10
      14.00000066496432     -1.277244324495979                   0.25    0.08019751998850204                     10
      15.00000071246177      -1.28718395311605                   0.25     0.0904124629620653                     10
      15.00000071246177     -2.420347354539774                   0.25     0.2614694163551833                     10
      15.00000071246177     -1.514470671637506                   0.25    0.07347776968373984                     10
      15.00000071246177     -1.521361111511359                   0.25    0.06132281577255092                     10
      15.00000071246177     -1.435048526144567                   0.25    0.03006857745530398                     10
      15.00000071246177     -2.609755855194004                   0.25     0.3623343760559942                     10
      15.00000071246177     -2.364078362944076                   0.25     0.1595302484733524                     10
      15.00000071246177     -1.277450442540105                   0.25    0.05733629243748677                     10
      16.00000075995922     -1.234365357378725                   0.25     0.1098862428430852                     10
      16.00000075995922     -2.255202573504893                   0.25      0.177264572238326                     10
      16.00000075995922     -1.429633775064432                   0.25    0.06336561852104029                     10
      16.00000075995922     -1.323951750686419                   0.25    0.05503390618463888                     10
      16.00000075995922     -1.103033645756765                   0.25    0.05540839836678584                     10
      16.00000075995922     -2.431064075756281                   0.25     0.1613442974427199                     10
      16.00000075995922     -1.935193499021472                   0.25     0.1153349704389082                     10
      16.00000075995922     -1.073964985123853                   0.25     0.1259201365733755                     10
      17.00000080745667     -1.149169002610275                   0.25    0.07776094226964565                     10
      17.00000080745667     -1.209986467877355                   0.25    0.04541692337388994                     10
      17.00000080745667     -1.156926570958867                   0.25    0.06877711798928052                     10
      17.00000080745667     -1.733923304822951                   0.25     0.1436621856631161                     10
      17.00000080745667      -1.56215498398614                   0.25    0.05566947342069774                     10
      17.00000080745667     -2.640169646201549                   0.25     0.3888581100142808                     10
      17.00000080745667     -2.285581827911261                   0.25     0.1241217934471677                     10
      17.00000080745667     -1.232658845395741                   0.25    0.06890044288336926                     10
      18.00000085495412     -1.202878612652905                   0.25    0.07910367068059991                     10
      18.00000085495412     -1.408722248925789                   0.25    0.06096549629674225                     10
      18.00000085495412     -1.022095060973579                   0.25     0.1900998111453875                     10
      18.00000085495412     -1.099238857524586                   0.25    0.04152664028810596                     10
      18.00000085495412     -1.395931699503958                   0.25    0.04738630324004287                     10
      18.00000085495412     -3.106778502187343                   0.25       1.08560808268636                     10
      18.00000085495412     -1.746657764436362                   0.25     0.1421069037233887                     10
      18.00000085495412       -1.5899328332764                   0.25     0.1020720039056777                     10
      19.00000090245157     -1.384912501449326                   0.25    0.08465497379459691                     10
      19.00000090245157     -1.811261344074856                   0.25    0.09836446964963294                     10
